pattern: ...
theta: [[0.156126,0.547766,-0.496819,-0.118433],[-1.67951,-1.20695,-1.46379,-0.566523],[-1.52166,-1.26839,-0.823807,-1.46889],[-1.25,-1.34438,-1.27164,-1.11658]]
exp-theta: [[1.16897,1.72939,0.608463,0.888312],[0.186465,0.299109,0.231359,0.567495],[0.218348,0.281285,0.438758,0.23018],[0.286505,0.260702,0.280373,0.327397]]
ene-param: ~T2004~
max-span: 50
max-internal-loop: 30
theta-softmax: 0
rho-theta: 0.1
rho-lambda: 0.1
tau: 0.1
lambda: [0.0181548,0.0414579]
lambda-prior: 0
min-bpp: 0.0001
no-rss: 0
no-profile: 0
no-energy: 0
