pattern: ...
theta: [[1.24922,-0.529231,0.333037,0.49647],[-1.19924,-1.78526,-0.64263,-1.43002],[-1.67175,-1.13638,-0.860357,-2.01782],[-1.51835,-1.65631,-0.900564,-1.20892]]
exp-theta: [[3.48762,0.589058,1.3952,1.64291],[0.301423,0.167753,0.525907,0.239303],[0.187918,0.320978,0.423011,0.132945],[0.219073,0.190842,0.40634,0.29852]]
ene-param: ~T2004~
max-span: 50
max-internal-loop: 30
theta-softmax: 0
rho-theta: 0.1
rho-lambda: 0.1
tau: 0.1
lambda: [0.0131003,0]
lambda-prior: 0
min-bpp: 0.0001
no-rss: 0
no-profile: 0
no-energy: 0
