pattern: ...
theta: [[-0.0431031,0.877232,-0.227035,-0.245722],[-2.33784,-1.49141,-0.496046,-0.813578],[-1.49958,-1.65762,-0.851185,-1.29632],[-0.549336,-1.38867,-2.37198,-0.999582]]
exp-theta: [[0.957813,2.40423,0.796893,0.78214],[0.0965359,0.225055,0.608934,0.443269],[0.223223,0.190592,0.426909,0.273536],[0.577333,0.249406,0.0932958,0.368033]]
ene-param: ~T2004~
max-span: 50
max-internal-loop: 30
theta-softmax: 0
rho-theta: 0.1
rho-lambda: 0.1
tau: 0.1
lambda: [0.0206928,0.0518015]
lambda-prior: 0
min-bpp: 0.0001
no-rss: 0
no-profile: 0
no-energy: 0
