pattern: ...
theta: [[1.45104,-0.177709,-0.555584,0.482419],[-1.87195,-1.33194,-2.06558,-0.408633],[-2.06557,-1.10522,-0.666669,-2.17148],[-1.99942,-1.17,-0.734126,-2.14971]]
exp-theta: [[4.26756,0.837186,0.573737,1.61999],[0.153823,0.263965,0.126745,0.664558],[0.126746,0.331137,0.513416,0.114009],[0.135414,0.310367,0.479925,0.116518]]
ene-param: ~T2004~
max-span: 50
max-internal-loop: 30
theta-softmax: 0
rho-theta: 0.1
rho-lambda: 0.1
tau: 0.1
lambda: [0.210065,0.166339]
lambda-prior: 0
min-bpp: 0.0001
no-rss: 0
no-profile: 0
no-energy: 0
