pattern: ...
theta: [[0.791748,1.11246,0.117175,-0.307282],[-2.64431,-0.662105,-2.28209,-0.627371],[-2.03885,-1.98148,0.570041,-2.48671],[-0.536581,-2.29085,-2.3522,-0.957519]]
exp-theta: [[2.20725,3.04183,1.12432,0.735443],[0.0710545,0.515765,0.102071,0.533994],[0.130179,0.137866,1.76834,0.0831834],[0.584744,0.10118,0.0951591,0.383844]]
ene-param: ~T2004~
max-span: 50
max-internal-loop: 30
theta-softmax: 0
rho-theta: 0.1
rho-lambda: 0.1
tau: 0.1
lambda: [0.16786,0.231352]
lambda-prior: 0
min-bpp: 0.0001
no-rss: 0
no-profile: 0
no-energy: 0
