pattern: ...
theta: [[0.116275,1.91233,0.0796534,0.240563],[-3.09457,-1.53134,0.720539,-2.4493],[-1.77912,-1.92758,-2.27618,-0.490575],[-0.617673,-1.74132,-3.1967,-1.10458]]
exp-theta: [[1.1233,6.76887,1.08291,1.27197],[0.0452943,0.216246,2.05554,0.086354],[0.168786,0.1455,0.102676,0.612274],[0.539198,0.175289,0.0408969,0.33135]]
ene-param: ~T2004~
max-span: 50
max-internal-loop: 30
theta-softmax: 0
rho-theta: 0.1
rho-lambda: 0.1
tau: 0.1
lambda: [0.0888302,0.0815367]
lambda-prior: 0
min-bpp: 0.0001
no-rss: 0
no-profile: 0
no-energy: 0
