pattern: ...
theta: [[1.08134,0.350972,-0.706986,0.405796],[-2.0831,-0.844332,-0.980025,-2.05483],[-1.76549,-1.71483,-1.9609,-0.173264],[-1.80038,-1.44828,-0.564125,-2.09357]]
exp-theta: [[2.94862,1.42045,0.493128,1.5005],[0.124544,0.429844,0.375302,0.128115],[0.171102,0.179995,0.140732,0.840916],[0.165237,0.234973,0.568858,0.123247]]
ene-param: ~T2004~
max-span: 50
max-internal-loop: 30
theta-softmax: 0
rho-theta: 0.1
rho-lambda: 0.1
tau: 0.1
lambda: [0.00483006,0.014514]
lambda-prior: 0
min-bpp: 0.0001
no-rss: 0
no-profile: 0
no-energy: 0
