pattern: ...
theta: [[0.907149,-0.0922475,-0.477978,0.47922],[-1.90749,-1.3902,-1.16434,-0.993609],[-1.82742,-0.932507,-0.999067,-1.73588],[-1.23882,-0.654235,-1.91184,-1.31211]]
exp-theta: [[2.47725,0.911879,0.620036,1.61482],[0.148453,0.249025,0.312127,0.370238],[0.160829,0.393566,0.368223,0.176245],[0.289725,0.51984,0.147808,0.269252]]
ene-param: ~T2004~
max-span: 50
max-internal-loop: 30
theta-softmax: 0
rho-theta: 0.1
rho-lambda: 0.1
tau: 0.1
lambda: [0.17768,0.15558]
lambda-prior: 0
min-bpp: 0.0001
no-rss: 0
no-profile: 0
no-energy: 0
