pattern: ...
theta: [[0.511381,1.09582,-0.640257,0.263879],[-2.05596,-1.55793,-1.23828,-0.986012],[-2.21445,-1.58068,-0.35137,-2.0007],[-0.925085,-1.56289,-2.14604,-0.922087]]
exp-theta: [[1.66759,2.99163,0.527157,1.30197],[0.12797,0.210571,0.289884,0.373062],[0.109213,0.205835,0.703723,0.135241],[0.396498,0.20953,0.116946,0.397688]]
ene-param: ~T2004~
max-span: 50
max-internal-loop: 30
theta-softmax: 0
rho-theta: 0.1
rho-lambda: 0.1
tau: 0.1
lambda: [0.0141238,0]
lambda-prior: 0
min-bpp: 0.0001
no-rss: 0
no-profile: 0
no-energy: 0
