pattern: ...
theta: [[0.802751,0.072631,-0.523025,-0.0294689],[-1.98059,-0.904379,-0.67879,-1.76661],[-1.31028,-0.657704,-2.18014,-1.03581],[-1.95137,-2.22046,-0.326292,-0.90723]]
exp-theta: [[2.23167,1.07533,0.592725,0.970961],[0.137988,0.404793,0.50723,0.170912],[0.269745,0.518039,0.113026,0.354939],[0.142079,0.108559,0.721595,0.403641]]
ene-param: ~T2004~
max-span: 50
max-internal-loop: 30
theta-softmax: 0
rho-theta: 0.1
rho-lambda: 0.1
tau: 0.1
lambda: [0.010216,0.0816804]
lambda-prior: 0
min-bpp: 0.0001
no-rss: 0
no-profile: 0
no-energy: 0
