pattern: ...
theta: [[-0.302888,1.97997,0.458303,0.210276],[-2.86731,-1.69282,0.547888,-1.27844],[-0.662148,-1.79103,-2.20103,-1.97268],[-1.21343,-1.66812,-2.94322,-0.454656]]
exp-theta: [[0.738682,7.24251,1.58139,1.23402],[0.0568518,0.184,1.7296,0.27847],[0.515742,0.166789,0.11069,0.139084],[0.297178,0.188601,0.0526959,0.634666]]
ene-param: ~T2004~
max-span: 50
max-internal-loop: 30
theta-softmax: 0
rho-theta: 0.1
rho-lambda: 0.1
tau: 0.1
lambda: [0.131637,0.157697]
lambda-prior: 0
min-bpp: 0.0001
no-rss: 0
no-profile: 0
no-energy: 0
