pattern: ...
theta: [[0.844131,2.00139,0.916607,-0.412874],[-2.59626,-1.51247,-2.06979,-0.831866],[-0.617962,-2.0082,0.0248118,-2.98134],[-2.18424,-1.62353,-2.29116,-0.828691]]
exp-theta: [[2.32595,7.39932,2.50079,0.661745],[0.0745515,0.220365,0.126213,0.435236],[0.539042,0.134229,1.02512,0.0507248],[0.112564,0.197202,0.101149,0.43662]]
ene-param: ~T2004~
max-span: 50
max-internal-loop: 30
theta-softmax: 0
rho-theta: 0.1
rho-lambda: 0.1
tau: 0.1
lambda: [0.398754,0.306378]
lambda-prior: 0
min-bpp: 0.0001
no-rss: 0
no-profile: 0
no-energy: 0
