pattern: ...
theta: [[0.222652,0.778379,-0.484982,-0.294058],[-1.80683,-1.2825,-1.34912,-0.761167],[-1.78656,-1.53864,-0.39381,-1.48325],[-1.04428,-1.60352,-1.48699,-1.11314]]
exp-theta: [[1.24939,2.17794,0.615708,0.745233],[0.164174,0.277342,0.259467,0.467121],[0.167535,0.214673,0.674482,0.226898],[0.351946,0.201187,0.226053,0.328526]]
ene-param: ~T2004~
max-span: 50
max-internal-loop: 30
theta-softmax: 0
rho-theta: 0.1
rho-lambda: 0.1
tau: 0.1
lambda: [0,0.0395917]
lambda-prior: 0
min-bpp: 0.0001
no-rss: 0
no-profile: 0
no-energy: 0
