pattern: ...
theta: [[1.56154,0.112041,-0.709184,1.38412],[-2.03015,-0.644642,-1.72967,-1.45251],[-2.29507,-1.17408,-0.904546,-2.14454],[-1.84544,-1.69141,-1.24713,-1.51792]]
exp-theta: [[4.76617,1.11856,0.492045,3.99132],[0.131316,0.52485,0.177342,0.233983],[0.100754,0.309103,0.404726,0.117121],[0.157955,0.184259,0.287327,0.219168]]
ene-param: ~T2004~
max-span: 50
max-internal-loop: 30
theta-softmax: 0
rho-theta: 0.1
rho-lambda: 0.1
tau: 0.1
lambda: [0.126825,0.0879811]
lambda-prior: 0
min-bpp: 0.0001
no-rss: 0
no-profile: 0
no-energy: 0
