pattern: ...
theta: [[2.18259,-0.431551,0.520652,0.971516],[-1.11117,-3.25258,0.553195,-0.0774967],[-1.48299,-0.772701,-2.03108,-2.64333],[-1.78913,-0.950143,-1.37648,-2.86725]]
exp-theta: [[8.86927,0.649501,1.68313,2.64195],[0.329173,0.0386744,1.7388,0.92543],[0.226958,0.461764,0.131194,0.0711241],[0.167105,0.386686,0.252465,0.056855]]
ene-param: ~T2004~
max-span: 50
max-internal-loop: 30
theta-softmax: 0
rho-theta: 0.1
rho-lambda: 0.1
tau: 0.1
lambda: [0.0659107,0.0949572]
lambda-prior: 0
min-bpp: 0.0001
no-rss: 0
no-profile: 0
no-energy: 0
