pattern: ...
theta: [[0.393649,0.223262,-0.457397,0.671232],[-2.38082,-1.27595,-0.747843,-1.23259],[-2.05428,-1.21271,-1.08218,-1.15294],[-0.328734,-1.02823,-2.32249,-1.50407]]
exp-theta: [[1.48238,1.25015,0.632929,1.95665],[0.0924746,0.279165,0.473386,0.291537],[0.128185,0.297389,0.338856,0.315708],[0.719834,0.357639,0.0980288,0.222223]]
ene-param: ~T2004~
max-span: 50
max-internal-loop: 30
theta-softmax: 0
rho-theta: 0.1
rho-lambda: 0.1
tau: 0.1
lambda: [0.118647,0.109101]
lambda-prior: 0
min-bpp: 0.0001
no-rss: 0
no-profile: 0
no-energy: 0
