pattern: ...
theta: [[0.564896,0.200407,-0.127879,-0.0320685],[-2.12834,-1.23463,-1.9967,-0.336493],[-1.91909,-1.57687,0.396947,-2.26103],[-0.95457,-1.32739,-1.90035,-1.32171]]
exp-theta: [[1.75927,1.2219,0.87996,0.96844],[0.119035,0.290941,0.135783,0.714271],[0.14674,0.206621,1.48728,0.104243],[0.384978,0.265168,0.149517,0.26668]]
ene-param: ~T2004~
max-span: 50
max-internal-loop: 30
theta-softmax: 0
rho-theta: 0.1
rho-lambda: 0.1
tau: 0.1
lambda: [0.152446,0.157471]
lambda-prior: 0
min-bpp: 0.0001
no-rss: 0
no-profile: 0
no-energy: 0
