pattern: ...
theta: [[1.37654,1.48659,-0.527049,-0.254866],[-2.26447,-1.43231,-0.847192,-1.77051],[-2.0931,-1.95624,-0.627244,-1.78134],[-1.22993,-1.68621,-2.55712,-0.116225]]
exp-theta: [[3.96117,4.42198,0.590345,0.77502],[0.103885,0.238756,0.428617,0.170246],[0.123304,0.141389,0.534061,0.168412],[0.292312,0.185219,0.0775276,0.890274]]
ene-param: ~T2004~
max-span: 50
max-internal-loop: 30
theta-softmax: 0
rho-theta: 0.1
rho-lambda: 0.1
tau: 0.1
lambda: [0.0767953,0.0926217]
lambda-prior: 0
min-bpp: 0.0001
no-rss: 0
no-profile: 0
no-energy: 0
