pattern: ...
theta: [[-0.184772,0.950789,-0.292959,0.175413],[-1.89903,-1.67662,-0.363937,-1.41897],[-1.97529,-1.16548,-0.908358,-1.14596],[-0.395329,-1.64866,-2.3833,-1.13886]]
exp-theta: [[0.831294,2.58775,0.746053,1.19174],[0.149713,0.187005,0.694935,0.241962],[0.138721,0.311774,0.403186,0.317917],[0.673458,0.192307,0.0922457,0.320185]]
ene-param: ~T2004~
max-span: 50
max-internal-loop: 30
theta-softmax: 0
rho-theta: 0.1
rho-lambda: 0.1
tau: 0.1
lambda: [0.100904,0.124783]
lambda-prior: 0
min-bpp: 0.0001
no-rss: 0
no-profile: 0
no-energy: 0
