pattern: ...
theta: [[1.80158,1.12214,1.44386,-0.717752],[-1.62545,-2.69147,-1.80508,-0.745983],[-1.77066,-0.792159,-2.0241,-2.35903],[-1.52636,-2.69623,-1.65655,-0.624839]]
exp-theta: [[6.05924,3.07141,4.237,0.487848],[0.196824,0.0677813,0.164461,0.474268],[0.170221,0.452866,0.132112,0.0945115],[0.217325,0.0674597,0.190796,0.535347]]
ene-param: ~T2004~
max-span: 50
max-internal-loop: 30
theta-softmax: 0
rho-theta: 0.1
rho-lambda: 0.1
tau: 0.1
lambda: [0,0]
lambda-prior: 0
min-bpp: 0.0001
no-rss: 0
no-profile: 0
no-energy: 0
