pattern: ...
theta: [[1.09198,1.05263,-0.688947,0.396639],[-1.95958,-1.19802,-1.88545,-0.351902],[-1.95261,-1.67767,-0.353876,-2.27931],[-1.8481,-1.44098,-1.27859,-1.14819]]
exp-theta: [[2.98018,2.86518,0.502105,1.48682],[0.140918,0.301792,0.151761,0.703349],[0.141903,0.186809,0.701962,0.102355],[0.157536,0.236697,0.278429,0.317211]]
ene-param: ~T2004~
max-span: 50
max-internal-loop: 30
theta-softmax: 0
rho-theta: 0.1
rho-lambda: 0.1
tau: 0.1
lambda: [0,0]
lambda-prior: 0
min-bpp: 0.0001
no-rss: 0
no-profile: 0
no-energy: 0
