pattern: ...
theta: [[1.12599,0.0227197,-0.654776,-0.145906],[-2.06459,-0.54465,-1.2418,-1.49045],[-1.99659,-1.40339,-0.150447,-1.7557],[-1.77329,-1.80462,-1.54023,-0.172484]]
exp-theta: [[3.08327,1.02298,0.519558,0.864239],[0.12687,0.580045,0.288864,0.225272],[0.135798,0.245763,0.860323,0.172786],[0.169774,0.164536,0.214331,0.841571]]
ene-param: ~T2004~
max-span: 50
max-internal-loop: 30
theta-softmax: 0
rho-theta: 0.1
rho-lambda: 0.1
tau: 0.1
lambda: [0,0.0662215]
lambda-prior: 0
min-bpp: 0.0001
no-rss: 0
no-profile: 0
no-energy: 0
