pattern: ...
theta: [[-0.511629,1.85904,1.68497,0.562548],[-2.39075,-1.69261,-1.17039,-0.0191036],[-1.012,-1.94562,-1.63973,-2.17396],[-1.15789,-1.57593,-1.38722,-2.32062]]
exp-theta: [[0.599518,6.41757,5.39229,1.75514],[0.0915608,0.184039,0.310247,0.981078],[0.363491,0.142899,0.194032,0.113727],[0.314147,0.206815,0.249768,0.0982122]]
ene-param: ~T2004~
max-span: 50
max-internal-loop: 30
theta-softmax: 0
rho-theta: 0.1
rho-lambda: 0.1
tau: 0.1
lambda: [0.345411,0.313478]
lambda-prior: 0
min-bpp: 0.0001
no-rss: 0
no-profile: 0
no-energy: 0
