pattern: ...
theta: [[0.381076,1.34616,0.660108,-0.457579],[-1.86473,-1.53135,-0.40654,-1.37839],[-1.22323,-1.84431,-0.549962,-1.63127],[-0.678059,-1.82908,-1.24489,-1.58064]]
exp-theta: [[1.46386,3.84263,1.935,0.632814],[0.154937,0.216243,0.66595,0.251983],[0.294278,0.158134,0.576972,0.19568],[0.507601,0.160561,0.287972,0.205844]]
ene-param: ~T2004~
max-span: 50
max-internal-loop: 30
theta-softmax: 0
rho-theta: 0.1
rho-lambda: 0.1
tau: 0.1
lambda: [0.436227,0.370452]
lambda-prior: 0
min-bpp: 0.0001
no-rss: 0
no-profile: 0
no-energy: 0
