pattern: ...
theta: [[0.800018,0.607349,-0.381858,1.69987],[-3.24036,-1.52638,-0.54909,-2.22896],[-2.90844,-2.42532,-0.478971,-1.4856],[0.0948444,-1.10737,-3.69509,-1.35287]]
exp-theta: [[2.22558,1.83556,0.682592,5.47323],[0.03915,0.217321,0.577475,0.107641],[0.054561,0.0884497,0.619421,0.226367],[1.09949,0.330428,0.0248452,0.258497]]
ene-param: ~T2004~
max-span: 50
max-internal-loop: 30
theta-softmax: 0
rho-theta: 0.1
rho-lambda: 0.1
tau: 0.1
lambda: [0.111223,0.0861076]
lambda-prior: 0
min-bpp: 0.0001
no-rss: 0
no-profile: 0
no-energy: 0
